# ACDC
train:
sample 8 train_keys: [73, 18, 1, 15, 95, 6, 13, 16]
sample 20 train_keys: [73, 18, 1, 15, 95, 6, 13, 16, 58, 39, 3, 4, 90, 57, 80, 77, 24, 7, 97, 92]
test:
[ 5 10 14 21 26 29 34 36 41 43 50 52 61 64 66 70 76 79 87 89]

# MMWHS
sample 2 train_keys:[1019, 1003]
sample 4 train_keys:[1019, 1003, 1002, 1020]
test: [1001 1011 1013 1016]

# HVSMR
sample 1 train_keys: [8]
sample 2 train_keys: [8, 0]
test: [3 9]

# CHAOS
sample 2 train_keys:[5, 10]
sample 4 train_keys:[5, 10, 1, 8]
test: [20 21 32 39]

# Spleen
sample 4 train_keys: [36, 9, 0, 5]
sample 8 train_keys: [36, 9, 0, 2, 33, 25, 1, 29]
test: [ 6,  7, 10, 11, 13, 17, 24, 26]

# Heart
sample 2 train_keys: [18, 2]
sample 4 train_keys: [18, 2, 1, 19]
test: [ 0, 10, 12, 15]

# Hippocampus
sample 21 train_keys: [251, 136, 36, 2, 30, 258, 185, 9, 215, 223, 28, 32, 248, 111, 73, 5, 8, 253, 109, 206, 199]
sample 52 train_keys: [251, 136, 36, 2, 30, 185, 9, 215, 223, 28, 32, 248, 111, 73, 5, 8, 245, 109, 206, 199, 154, 
                       196, 143, 46, 255, 57, 257, 4, 161, 155, 76, 21, 214, 172, 145, 22, 192, 29, 164, 184, 12, 
                       82, 177, 222, 94, 239, 247, 81, 259, 62, 141, 169]

test: [  1,  14,  15,  17,  19,  26,  27,  39,  49,  55,  56,  66,  70,
        85,  89,  92,  93,  99, 100, 103, 106, 112, 126, 132, 139, 144,
       147, 150, 151, 152, 153, 157, 160, 168, 173, 180, 186, 190, 191,
       198, 202, 207, 212, 213, 220, 221, 226, 229, 230, 232, 233, 237]

# ISIC

sample 208 train_keys: [14955, 8029, 43, 1142, 204, 537, 1449, 13840, 12233, 95, 177, 87, 13767, 15936, 15201, 10038, 
1152, 10473, 7141, 77, 16055, 15949, 12395, 393, 15218, 434, 1106, 274, 12735, 385, 13191, 15537, 13844, 12705, 12382, 
11107, 15079, 104, 456, 34, 13594, 10005, 15310, 14219, 10257, 330, 490, 16011, 10234, 486, 11306, 10010, 153, 13772, 
5787, 9982, 13212, 15102, 231, 14762, 12856, 233, 10372, 12756, 10092, 13170, 15207, 240, 14382, 13799, 16008, 13688, 
15241, 15404, 265, 15273, 10323, 14946, 14938, 13106, 12826, 9298, 10498, 14763, 14923, 8528, 2673, 15943, 14211, 12510, 
10598, 13747, 4115, 10177, 12726, 10093, 13455, 15005, 509, 14535, 11298, 283, 12990, 219, 11345, 999, 13374, 13213, 15171, 
416, 12539, 476, 14831, 11118, 2438, 14548, 10854, 15160, 16037, 12230, 13970, 11144, 14796, 10351, 11128, 13189, 367, 13819, 
10077, 16028, 15309, 13595, 9966, 9920, 288, 10239, 10015, 448, 13473, 10330, 9, 372, 900, 10037, 11328, 232, 14897, 14489, 
13459, 11162, 14288, 12897, 13204, 14800, 13400, 10060, 1190, 12658, 12878, 14713, 14587, 6940, 14181, 12813, 11297, 13126, 
14574, 323, 14951, 12179, 15972, 10240, 14274, 13244, 15, 477, 15482, 14529, 13146, 14849, 15476, 14599, 15443, 12905, 14099, 
13775, 11155, 10319, 15144, 15368, 159, 15237, 2829, 152, 14066, 15403, 403, 9975, 13567, 13797, 13037, 13147, 13553, 13079, 
10853, 12884, 470, 11131]

sample 519 train_keys: [14955, 8029, 43, 1142, 204, 537, 1449, 13840, 12233, 95, 177, 87, 13767, 15936, 15201, 10038, 1152, 
10473, 7141, 77, 15949, 12395, 393, 15218, 434, 1106, 274, 12735, 14725, 12879, 184, 13432, 10059, 12285, 14823, 10374, 
9934, 9583, 13498, 15223, 2246, 12090, 14941, 12683, 13578, 54, 15273, 12484, 206, 16, 10256, 466, 13843, 12232, 13511, 
10571, 536, 152, 222, 13079, 12374, 529, 218, 12883, 3728, 469, 72, 15245, 10344, 14361, 340, 15447, 12682, 456, 13606, 
10073, 12094, 107, 11167, 9964, 13559, 14628, 108, 1105, 9946, 499, 10047, 15436, 14809, 15945, 14457, 14768, 12178, 115, 
12907, 10844, 14311, 10351, 12372, 10329, 13054, 14684, 12204, 12257, 128, 14489, 15220, 12221, 14919, 14685, 13126, 16072, 
543, 11348, 14069, 14475, 12655, 14675, 11343, 10034, 9956, 379, 14434, 1190, 15953, 11338, 14349, 364, 15255, 16008, 317, 
14748, 14788, 12313, 10570, 14687, 15568, 13500, 9885, 13417, 1292, 10341, 330, 13813, 13804, 14651, 509, 13044, 15089, 
9941, 501, 14812, 15363, 13946, 10220, 14554, 14511, 11378, 13948, 16000, 226, 11088, 3582, 134, 15009, 10000, 14610, 
102, 4985, 12473, 14749, 256, 14547, 13801, 10187, 15957, 12151, 191, 13070, 9897, 14845, 213, 13733, 11230, 2374, 310, 
11095, 1374, 13819, 14973, 14975, 12148, 12413, 8280, 14697, 14580, 10452, 14851, 2489, 12539, 14987, 13809, 11210, 882, 
13065, 2459, 10058, 173, 14664, 10364, 12710, 491, 16043, 15078, 14386, 12814, 12230, 15997, 447, 409, 135, 13314, 532, 
470, 14796, 12789, 203, 13891, 10227, 545, 4, 13596, 13637, 175, 13403, 15208, 14248, 14545, 481, 4168, 15955, 11326, 
10862, 14081, 10225, 2829, 14722, 15035, 10591, 14930, 9975, 12721, 13356, 10067, 11212, 10192, 13696, 13031, 14808, 
488, 14783, 12704, 276, 15625, 9910, 9969, 11144, 11107, 14849, 12940, 15952, 12673, 345, 13807, 10567, 9954, 15224, 
10041, 13917, 14779, 15983, 11099, 147, 15614, 14770, 11352, 7760, 14433, 12334, 15060, 10590, 10088, 7, 214, 12282, 
11085, 10043, 11300, 14794, 13685, 14742, 12281, 15416, 11109, 13333, 12268, 16005, 9979, 13106, 10488, 13495, 13170, 
15968, 2673, 541, 12654, 12961, 12118, 14617, 15040, 12245, 13529, 74, 14601, 14572, 13984, 15563, 13552, 14586, 319, 
15971, 10474, 14558, 15544, 189, 449, 13082, 10244, 10350, 14211, 14197, 10015, 14910, 13678, 13709, 13055, 10240, 
12905, 10024, 14798, 15171, 12493, 14667, 14174, 9972, 212, 12708, 13777, 13177, 2469, 10322, 12508, 10257, 10204, 
12135, 9936, 247, 14255, 12676, 13086, 15582, 12810, 15401, 14724, 9160, 9895, 10552, 16037, 75, 14911, 101, 13577, 
126, 2885, 13585, 15256, 10175, 12547, 16019, 11329, 12544, 202, 16056, 10070, 9918, 13797, 12314, 13039, 15215, 10348, 
12448, 242, 13491, 14657, 52, 14904, 15193, 10241, 12932, 7322, 522, 14879, 12390, 13691, 13643, 14818, 14966, 13304, 
13275, 197, 473, 12701, 8993, 15184, 530, 15212, 14219, 12453, 13758, 14392, 11082, 10229, 16041, 13837, 12903, 12944, 
12711, 13208, 13165, 15241, 109, 15368, 198, 10487, 14291, 13644, 11135, 127, 13190, 13217, 207, 10177, 7038, 13306, 
1960, 10342, 12659, 13738, 15403, 10587, 13087, 12356, 14937, 80, 11384, 233, 10023, 15180, 10323, 480, 12316, 13652, 
14221, 13473, 8879, 13775, 15243, 14092, 10435, 14869, 10498, 11164, 556, 216, 13410, 50, 3346, 14410, 1442, 13192, 
13277, 12806, 14037, 15961, 12425, 416, 13636, 9883, 13474, 14136, 138, 13166, 14833, 10455, 13160, 14028, 15155, 
10010, 15173, 11131, 10481, 8116, 9994, 24, 10173, 14802, 9933, 366, 12768]

test: [    8,    11,    19,    20,    27,    28,    29,    36,    38,
          45,    51,    69,    78,    82,    85,    96,   110,   111,
         112,   113,   119,   121,   123,   125,   140,   141,   150,
         151,   157,   162,   164,   165,   166,   171,   181,   183,
         186,   199,   200,   201,   205,   208,   211,   220,   221,
         227,   228,   229,   235,   245,   249,   252,   262,   264,
         271,   281,   287,   295,   299,   303,   311,   315,   322,
         329,   339,   346,   353,   358,   361,   368,   376,   383,
         388,   395,   407,   408,   410,   413,   427,   433,   436,
         439,   455,   460,   463,   474,   492,   494,   495,   498,
         500,   504,   505,   507,   523,   527,   528,   539,   549,
         552,   554,  1119,  1126,  1212,  1852,  1871,  2439,  2647,
        2780,  2871,  3005,  5247,  5548,  5555,  5666,  6021,  6800,
        6815,  6982,  7241,  7693,  7788,  8236,  8347,  8524,  8600,
        8785,  9083,  9297,  9344,  9430,  9564,  9800,  9879,  9881,
        9888,  9896,  9898,  9909,  9914,  9917,  9919,  9931,  9932,
        9939,  9947,  9950,  9958,  9962,  9967,  9971,  9973,  9978,
        9981,  9991,  9995, 10003, 10006, 10013, 10022, 10032, 10054,
       10057, 10061, 10062, 10064, 10069, 10071, 10074, 10075, 10100,
       10104, 10105, 10174, 10180, 10184, 10207, 10212, 10213, 10216,
       10231, 10247, 10249, 10252, 10334, 10335, 10357, 10380, 10439,
       10457, 10458, 10462, 10472, 10475, 10477, 10480, 10492, 10493,
       10494, 10553, 10572, 10573, 10576, 10588, 10595, 10597, 10604,
       10605, 10849, 10850, 10860, 10861, 10863, 11089, 11104, 11123,
       11132, 11137, 11146, 11157, 11159, 11163, 11170, 11171, 11177,
       11202, 11203, 11223, 11225, 11228, 11294, 11295, 11301, 11304,
       11317, 11336, 11353, 11362, 11373, 12102, 12105, 12107, 12109,
       12127, 12134, 12137, 12143, 12155, 12208, 12211, 12212, 12213,
       12223, 12227, 12228, 12238, 12250, 12253, 12256, 12258, 12259,
       12261, 12278, 12290, 12324, 12335, 12381, 12391, 12400, 12415,
       12442, 12447, 12464, 12481, 12487, 12495, 12503, 12506, 12511,
       12512, 12520, 12523, 12663, 12669, 12672, 12680, 12684, 12685,
       12697, 12699, 12700, 12744, 12777, 12792, 12804, 12840, 12852,
       12877, 12898, 12911, 12950, 12956, 12986, 13007, 13024, 13032,
       13053, 13089, 13094, 13114, 13128, 13129, 13134, 13150, 13155,
       13159, 13167, 13169, 13178, 13181, 13207, 13219, 13223, 13227,
       13229, 13230, 13232, 13238, 13291, 13310, 13325, 13359, 13365,
       13371, 13378, 13390, 13399, 13411, 13438, 13458, 13487, 13489,
       13512, 13517, 13525, 13527, 13558, 13562, 13565, 13568, 13580,
       13588, 13592, 13602, 13603, 13621, 13626, 13667, 13670, 13672,
       13695, 13708, 13736, 13737, 13748, 13749, 13762, 13765, 13789,
       13800, 13802, 13803, 13828, 13861, 13867, 13874, 13886, 13898,
       13911, 13922, 13958, 13961, 13966, 13969, 13972, 13981, 13986,
       13988, 13996, 13997, 14062, 14090, 14108, 14127, 14151, 14160,
       14162, 14166, 14183, 14185, 14195, 14263, 14289, 14290, 14308,
       14316, 14331, 14357, 14365, 14395, 14397, 14419, 14422, 14428,
       14438, 14453, 14454, 14469, 14476, 14490, 14513, 14541, 14546,
       14576, 14600, 14635, 14637, 14682, 14692, 14693, 14694, 14696,
       14698, 14702, 14730, 14739, 14743, 14778, 14787, 14792, 14795,
       14807, 14821, 14834, 14843, 14848, 14854, 14860, 14890, 14901,
       14915, 14925, 14929, 14931, 14932, 14936, 14952, 14968, 15011,
       15023, 15026, 15031, 15032, 15037, 15110, 15118, 15125, 15130,
       15136, 15157, 15167, 15174, 15176, 15206, 15233, 15244, 15264,
       15279, 15291, 15293, 15311, 15312, 15330, 15355, 15395, 15411,
       15485, 15510, 15559, 15566, 15607, 15617, 15627, 15636, 15937,
       15941, 15950, 15958, 15964, 15965, 15973, 15981, 15982, 15990,
       15993, 15996, 15999, 16004, 16014, 16033, 16034, 16035, 16038,
       16042, 16048, 16050, 16054, 16061, 16071]

